score
array([ 0.10462555,  0.28305583,  0.37945493,  0.37291462,  0.455594  ,
        0.2319538 ,  0.36501517,  0.54162384,  0.39845475,  0.44129555,
        0.5633232 ,  0.5971564 ,  0.32950631,  0.53903346,  0.35087719,
        0.62974359,  0.67611778,  0.50430108,  0.1965812 ,  0.47555556,
        0.11666667,  0.50833333,  0.54599057,  0.4954023 ,  0.29889807,
        0.42199488,  0.3245509 ,  0.53401015,  0.29276693,  0.43814433,
        0.26103405,  0.47363083,  0.45654693,  0.44492912,  0.58367347,
        0.05165289,  0.33398629,  0.4908896 ,  0.43971631,  0.3126935 ,
        0.46895893,  0.43954918,  0.46210526,  0.25198413,  0.38100102,
        0.50650759,  0.48096192,  0.37643379,  0.3966034 ,  0.53438557,
        0.41584158,  0.33367451,  0.3496994 ,  0.46646341,  0.3156708 ,
        0.35851064,  0.44533947,  0.43459916,  0.44046365,  0.57929515,
        0.43668639,  0.53940635,  0.43204868,  0.31397849,  0.25525813,
        0.54610656,  0.30010173,  0.54782609,  0.22871795,  0.44470868,
        0.45261984,  0.29752066,  0.51480638,  0.42002064,  0.37313433,
        0.41371429,  0.19467213,  0.40338645])
score.mean()
0.4078776570201364
score.std()
0.12081119865870676
